# Created by Octave 3.8.1, Fri May 01 16:52:26 2015 ART <nicolasbuchhalter@wolox-Z87M-D3H>
# name: a
# type: global scalar
0.01


# name: b
# type: global scalar
0.1


# name: betaValue
# type: global scalar
0.5


# name: error
# type: global scalar
0.1


# name: eta
# type: global scalar
0.01


# name: etaAdaptativo
# type: global scalar
0


# name: gValue
# type: global scalar
1


# name: layerSizes
# type: global matrix
# rows: 1
# columns: 3
 1 10 10


# name: momentum
# type: global scalar
0


# name: values
# type: global matrix
# rows: 201
# columns: 2
 -10 4.768267296329546
 -9.9 5.201501329218629
 -9.800000000000001 5.560637416188419
 -9.699999999999999 5.828637598007336
 -9.6 5.991987821313592
 -9.5 6.041264975021817
 -9.4 5.971541644308273
 -9.300000000000001 5.782612155310088
 -9.199999999999999 5.479030603054057
 -9.1 5.069959048526417
 -9 4.568831639490483
 -8.9 3.992847751907362
 -8.800000000000001 3.362314071865969
 -8.699999999999999 2.699861569703239
 -8.6 2.029568317930366
 -8.5 1.376022873221719
 -8.4 0.7633653296776318
 -8.300000000000001 0.2143440605045487
 -8.199999999999999 -0.2505744383059884
 -8.1 -0.6140072819317903
 -8 -0.8623366875935357
 -7.9 -0.9862441684596376
 -7.8 -0.9810762209260505
 -7.699999999999999 -0.8470269845385395
 -7.6 -0.5891306210647268
 -7.5 -0.2170637153512027
 -7.4 0.255234455324211
 -7.3 0.8101087051346386
 -7.199999999999999 1.426880067509585
 -7.1 2.082655791101879
 -7 2.753225055904712
 -6.9 3.41400486945894
 -6.8 4.040998626220839
 -6.699999999999999 4.61172933004381
 -6.6 5.106110509407975
 -6.5 5.507220356262772
 -6.4 5.801948492241812
 -6.3 5.981489856018664
 -6.199999999999999 6.041666309654087
 -6.1 5.983063436496007
 -6 5.810977374396401
 -5.899999999999999 5.53517410180275
 -5.8 5.169471068717678
 -5.7 4.73115814164131
 -5.6 4.240281229328573
 -5.5 3.718817419534544
 -5.399999999999999 3.189774768189978
 -5.3 2.676252869908412
 -5.199999999999999 2.200501883438463
 -5.1 1.783017726246132
 -5 1.441709687433781
 -4.899999999999999 1.191173796310071
 -4.8 1.04210104145346
 -4.699999999999999 1.000844131458482
 -4.6 1.069160139420974
 -4.5 1.244139332011066
 -4.399999999999999 1.518323031704551
 -4.3 1.880005794789418
 -4.199999999999999 2.313709810063536
 -4.1 2.800812528112906
 -4 3.320302393882088
 -3.899999999999999 3.849632420871925
 -3.8 4.365637418689487
 -3.699999999999999 4.845478123631668
 -3.6 5.267574386891619
 -3.5 5.612489990719534
 -3.399999999999999 5.863733573076308
 -3.3 6.008443470018836
 -3.199999999999999 6.037928899702157
 -3.1 5.948045628636361
 -3 5.739390851891231
 -2.899999999999999 5.417309221609973
 -2.8 4.991709485374843
 -2.699999999999999 4.476698747594069
 -2.6 3.890048642079665
 -2.5 3.252514412285722
 -2.399999999999999 2.587033769767185
 -2.3 1.917837207018116
 -2.199999999999999 1.269504986245146
 -2.1 0.6660081693290253
 -2 0.1297717105834826
 -1.9 -0.3192032234306632
 -1.799999999999999 -0.6641228798806393
 -1.699999999999999 -0.8920593881908528
 -1.6 -0.9944579304257646
 -1.5 -0.9674724764053908
 -1.4 -0.8121167519944354
 -1.299999999999999 -0.5342244455240309
 -1.199999999999999 -0.1442202325909597
 -1.1 0.3432892881725293
 -1 0.9100885055506767
 -0.9000000000000004 1.535066806293253
 -0.7999999999999989 2.195045342196618
 -0.6999999999999993 2.865683741463037
 -0.5999999999999996 3.522430790034988
 -0.5 4.141481379000216
 -0.3999999999999986 4.700701785732853
 -0.2999999999999989 5.180486638067699
 -0.1999999999999993 5.564513651213596
 -0.09999999999999964 5.840366316876898
 0 6
 0.1000000000000014 6.040033150170553
 0.2000000000000011 5.961852312803715
 0.3000000000000007 5.771527051390372
 0.4000000000000004 5.479538470350146
 0.5 5.100332456208622
 0.6000000000000014 4.651715736825048
 0.7000000000000011 4.154119115938408
 0.8000000000000007 3.629757523995653
 0.9000000000000004 3.101720625548221
 1 2.593030475166469
 1.100000000000001 2.125704008295392
 1.200000000000001 1.719857939343486
 1.300000000000001 1.392891925310349
 1.4 1.158782707982485
 1.5 1.027517496802718
 1.600000000000001 1.004689275657246
 1.700000000000001 1.091270232714087
 1.800000000000001 1.283572381875756
 1.9 1.573396951944166
 2 1.948366564234846
 2.100000000000001 2.392426902626782
 2.200000000000001 2.886497793884337
 2.300000000000001 3.409247631371561
 2.4 3.937960130869492
 2.5 4.449458700493635
 2.600000000000001 4.921051385722601
 2.700000000000001 5.331458508061738
 2.800000000000001 5.661685785686657
 2.9 5.895807880037941
 3 6.021630868010965
 3.100000000000001 6.031206953502942
 3.200000000000001 5.921180612846996
 3.300000000000001 5.692952081732338
 3.4 5.352651369022642
 3.5 4.910923535340294
 3.600000000000001 4.382533500301903
 3.700000000000001 3.785805841814672
 3.800000000000001 3.141921636804043
 3.9 2.474100102503972
 4 1.806697403266232
 4.100000000000001 1.164258305984075
 4.200000000000001 0.5705582652363499
 4.300000000000001 0.04767392129050341
 4.4 -0.3848811160744839
 4.5 -0.7109209033191279
 4.600000000000001 -0.9182218678459577
 4.700000000000001 -0.9990023836697205
 4.800000000000001 -0.9502281762182205
 4.9 -0.7737314289385921
 5 -0.4761388618924959
 5.100000000000001 -0.06861163840932494
 5.200000000000001 0.4335925719981653
 5.300000000000001 1.011717985460615
 5.4 1.644245793078009
 5.5 2.30773676839376
 5.600000000000001 2.977747953583942
 5.700000000000001 3.62978705644604
 5.800000000000001 4.240266709890169
 5.9 4.78742077214228
 6 5.25214637799855
 6.100000000000001 5.618738427951821
 6.199999999999999 5.875487504019093
 6.300000000000001 6.015117656987363
 6.400000000000002 6.035046901942799
 6.5 5.937460332438404
 6.600000000000001 5.729193236434726
 6.699999999999999 5.421429171277006
 6.800000000000001 5.029225328498051
 6.900000000000002 4.570884398235333
 7 4.06719825334229
 7.100000000000001 3.540593871353621
 7.199999999999999 3.01421579520789
 7.300000000000001 2.510981946391763
 7.400000000000002 2.052650646947457
 7.5 1.658936238198275
 7.600000000000001 1.346708722998241
 7.699999999999999 1.129309483215461
 7.800000000000001 1.016010469823159
 7.900000000000002 1.011638515219907
 8 1.116379805653228
 8.100000000000001 1.325772339758387
 8.199999999999999 1.630886675053558
 8.300000000000001 2.018687728017135
 8.400000000000002 2.472563145854201
 8.5 2.9729970984687
 8.600000000000001 3.498362513678603
 8.699999999999999 4.025800029867606
 8.800000000000001 4.532148457649492
 8.900000000000002 4.994889464823139
 9 5.393068609973996
 9.100000000000001 5.708155773225126
 9.200000000000003 5.924810431254558
 9.300000000000001 6.031521002324211
 9.400000000000002 6.021092495214987
 9.5 5.890962734098198
 9.600000000000001 5.643334258867628
 9.700000000000003 5.285116345185435
 9.800000000000001 4.827679157684562
 9.900000000000002 4.286429541667975
 10 3.680225074550806


# name: x
# type: range
# base, limit, increment
-10 10 0.1


