# Created by Octave 3.8.2, Fri May 01 21:30:08 2015 ART <FranDepascuali@Franciscos-MacBook-Pro.local>
# name: values
# type: matrix
# rows: 601
# columns: 2
 -15 2.812466509505635
 -14.95 2.477083066571781
 -14.9 2.14177397765449
 -14.85 1.809624034873588
 -14.8 1.483700002295923
 -14.75 1.16702060363214
 -14.7 0.8625269545271758
 -14.65 0.5730537333893114
 -14.6 0.3013013774160314
 -14.55 0.04980958032718485
 -14.5 -0.179067644591684
 -14.45 -0.383185088070546
 -14.4 -0.5606274250098434
 -14.35 -0.7097280414681246
 -14.3 -0.8290854211448861
 -14.25 -0.9175769282947357
 -14.2 -0.9743698499097138
 -14.15 -0.9989295872770323
 -14.1 -0.991024915386339
 -14.05 -0.9507302578415469
 -14 -0.8784249546355701
 -13.95 -0.7747895300756609
 -13.9 -0.6407989980036012
 -13.85 -0.4777132709408363
 -13.8 -0.2870647686094477
 -13.75 -0.0706433491476226
 -13.7 0.1695212870243893
 -13.65 0.4311795455919155
 -13.6 0.7118840404984583
 -13.55 1.009013629963162
 -13.5 1.31979914724687
 -13.45 1.641350570219973
 -13.4 1.970685359510269
 -13.35 2.304757683430066
 -13.3 2.64048823911531
 -13.25 2.974794373443307
 -13.2 3.304620204386192
 -13.15 3.626966443536261
 -13.1 3.93891962360294
 -13.05 4.237680440700411
 -13 4.52059093015928
 -12.95 4.785160206314621
 -12.9 5.029088511131027
 -12.85 5.250289333476956
 -12.8 5.446909380187191
 -12.75 5.617346201560632
 -12.7 5.760263297414507
 -12.65 5.87460255502278
 -12.6 5.959593896952254
 -12.55 6.014762044709028
 -12.5 6.039930332941621
 -12.45 6.035221538426456
 -12.4 6.001055717892823
 -12.35 5.938145078629114
 -12.3 5.84748593545191
 -12.25 5.730347836717891
 -12.2 5.588259970325348
 -12.15 5.422994987804181
 -12.1 5.236550410360227
 -12.05 5.03112780486371
 -12 4.809109940011426
 -11.95 4.573036153026793
 -11.9 4.325576175088601
 -11.85 4.069502679021642
 -11.8 3.807662825486434
 -11.75 3.542949093843908
 -11.7 3.278269690946467
 -11.65 3.016518835246643
 -11.6 2.760547214779632
 -11.55 2.513132915753367
 -11.5 2.276953113688235
 -11.45 2.054556811337039
 -11.4 1.848338897059958
 -11.35 1.660515784036613
 -11.3 1.493102874799622
 -11.25 1.347894077230715
 -11.2 1.226443577555734
 -11.15 1.130050053213593
 -11.1 1.059743483984467
 -11.05 1.01627469368826
 -11 1.000107727366792
 -10.95 1.011415140416478
 -10.9 1.050076246926549
 -10.85 1.115678344793704
 -10.8 1.207520905324126
 -10.75 1.324622685296706
 -10.7 1.465731690144612
 -10.65 1.629337888309208
 -10.6 1.813688549216649
 -10.55 2.01680605099976
 -10.5 2.236507979298865
 -10.45 2.470429315473554
 -10.4 2.716046491572738
 -10.35 2.9707030706526
 -10.3 3.231636794689379
 -10.25 3.496007728569176
 -10.2 3.760927217588591
 -10.15 4.023487367678287
 -10.1 4.28079075224867
 -10.05 4.529980047206839
 -10 4.768267296329546
 -9.949999999999999 4.992962512792813
 -9.899999999999999 5.201501329218636
 -9.85 5.391471418037479
 -9.800000000000001 5.560637416188419
 -9.75 5.706964103064106
 -9.699999999999999 5.828637598007336
 -9.649999999999999 5.9240843634057
 -9.6 5.991987821313592
 -9.550000000000001 6.031302415338383
 -9.5 6.041264975021817
 -9.449999999999999 6.021403266874162
 -9.399999999999999 5.971541644308271
 -9.35 5.891803737692904
 -9.300000000000001 5.782612155310088
 -9.25 5.644685195864334
 -9.199999999999999 5.479030603054057
 -9.149999999999999 5.286936422278979
 -9.1 5.069959048526417
 -9.050000000000001 4.829908582564428
 -9 4.568831639490483
 -8.949999999999999 4.288991779171211
 -8.899999999999999 3.99284775190735
 -8.85 3.683029774530552
 -8.800000000000001 3.362314071865969
 -8.75 3.033595935880186
 -8.699999999999999 2.699861569703239
 -8.649999999999999 2.364158995918259
 -8.6 2.029568317930366
 -8.550000000000001 1.699171629763166
 -8.5 1.376022873221719
 -8.449999999999999 1.063117941968497
 -8.399999999999999 0.7633653296776217
 -8.35 0.4795576140864284
 -8.300000000000001 0.2143440605045486
 -8.25 -0.02979538274748084
 -8.199999999999999 -0.2505744383059884
 -8.149999999999999 -0.4459229608634629
 -8.1 -0.6140072819317903
 -8.050000000000001 -0.7532482358397883
 -8 -0.8623366875935357
 -7.949999999999999 -0.9402464080767742
 -7.899999999999999 -0.986244168459638
 -7.85 -0.9998969533539384
 -7.8 -0.9810762209260505
 -7.75 -0.9299591675678288
 -7.699999999999999 -0.8470269845385395
 -7.649999999999999 -0.7330601239290775
 -7.6 -0.5891306210647267
 -7.55 -0.4165915497575196
 -7.5 -0.2170637153512027
 -7.449999999999999 0.007580282013655903
 -7.399999999999999 0.2552344553242156
 -7.35 0.5235801266397651
 -7.3 0.8101087051346393
 -7.25 1.11214632062238
 -7.199999999999999 1.426880067509585
 -7.149999999999999 1.75138559813944
 -7.1 2.082655791101879
 -7.05 2.417630209442715
 -7 2.753225055904712
 -6.949999999999999 3.086363327456452
 -6.9 3.41400486945894
 -6.85 3.733176030903985
 -6.799999999999999 4.040998626220844
 -6.75 4.334717916149058
 -6.699999999999999 4.61172933004381
 -6.65 4.869603664618207
 -6.6 5.106110509407975
 -6.549999999999999 5.319239667014143
 -6.5 5.507220356262772
 -6.449999999999999 5.668538008614628
 -6.4 5.801948492241812
 -6.35 5.906489623921203
 -6.299999999999999 5.981489856018666
 -6.25 6.026574054083299
 -6.199999999999999 6.041666309654087
 -6.15 6.026989762512347
 -6.1 5.983063436496007
 -6.049999999999999 5.910696122827357
 -6 5.810977374396403
 -5.949999999999999 5.685265703292856
 -5.9 5.535174101802752
 -5.85 5.362553033801488
 -5.799999999999999 5.169471068717674
 -5.75 4.958193353758277
 -5.699999999999999 4.731158141641306
 -5.65 4.490951610462054
 -5.6 4.240281229328573
 -5.549999999999999 3.981947937873348
 -5.5 3.718817419534544
 -5.449999999999999 3.453790757486038
 -5.399999999999999 3.189774768189973
 -5.35 2.92965231068812
 -5.299999999999999 2.676252869908407
 -5.25 2.432323709438614
 -5.199999999999999 2.200501883438463
 -5.149999999999999 1.983287388683717
 -5.1 1.783017726246132
 -5.049999999999999 1.601844128128352
 -5 1.441709687433781
 -4.949999999999999 1.304329611525736
 -4.899999999999999 1.191173796310069
 -4.85 1.103451896472783
 -4.799999999999999 1.042101041453459
 -4.75 1.007776320386243
 -4.699999999999999 1.000844131458482
 -4.649999999999999 1.02137846240107
 -4.6 1.069160139420974
 -4.549999999999999 1.143679052109902
 -4.5 1.244139332011066
 -4.449999999999999 1.369467432897305
 -4.399999999999999 1.518323031704554
 -4.35 1.689112640766253
 -4.299999999999999 1.880005794789421
 -4.25 2.088953650174112
 -4.199999999999999 2.313709810063536
 -4.149999999999999 2.551853166163593
 -4.1 2.800812528112906
 -4.049999999999999 3.057892793218827
 -4 3.320302393882088
 -3.949999999999999 3.585181747167906
 -3.899999999999999 3.84963242087193
 -3.85 4.110746723178763
 -3.799999999999999 4.365637418689492
 -3.75 4.611467272247421
 -3.699999999999999 4.845478123631668
 -3.649999999999999 5.065019200799022
 -3.6 5.267574386891617
 -3.549999999999999 5.450788166614384
 -3.5 5.612489990719534
 -3.449999999999999 5.750716813084503
 -3.399999999999999 5.86373357307631
 -3.35 5.950051416379358
 -3.299999999999999 6.008443470018839
 -3.25 6.03795801171418
 -3.199999999999999 6.037928899702157
 -3.149999999999999 6.007983156517393
 -3.1 5.948045628636361
 -3.049999999999999 5.858340673095314
 -3 5.739390851891231
 -2.949999999999999 5.592012644871078
 -2.899999999999999 5.417309221609969
 -2.85 5.216660342174934
 -2.799999999999999 4.99170948537484
 -2.75 4.744348330821448
 -2.699999999999999 4.476698747594069
 -2.649999999999999 4.191092467247592
 -2.6 3.890048642079665
 -2.549999999999999 3.576249510747518
 -2.5 3.252514412285722
 -2.449999999999999 2.921772406133218
 -2.399999999999999 2.587033769767179
 -2.35 2.251360656820481
 -2.299999999999999 1.917837207018109
 -2.25 1.589539404819739
 -2.199999999999999 1.269504986245146
 -2.149999999999999 0.9607036929615675
 -2.1 0.6660081693290253
 -2.049999999999999 0.3881657917668123
 -2 0.1297717105834826
 -1.949999999999999 -0.1067566276042928
 -1.899999999999999 -0.3192032234306702
 -1.85 -0.5055752981065257
 -1.799999999999999 -0.6641228798806393
