# Created by Octave 3.8.1, Sat May 02 13:24:32 2015 ART <francisco@francisco-desktop>
# name: W
# type: cell
# rows: 1
# columns: 3
# name: <cell-element>
# type: matrix
# rows: 20
# columns: 2
 0.4561953634520888 -0.3861010407934841
 0.3775158168391463 -0.08536107393041864
 -0.4255829659725006 -0.2434594521993375
 0.3637181361797232 0.02365936681492198
 -0.3529677959047016 0.3602743445982662
 -0.3389707547585676 0.2777638662120635
 -0.004835676488430585 0.4246960080864658
 0.1909003684659454 -0.3684696227715133
 -0.1097173175295121 0.09853953329659093
 0.04274455521108678 0.2983792148196099
 0.4160021601346909 -0.02354044412497397
 0.4686700735070939 -0.35535490892939
 0.3255394501497015 -0.025951199865275
 0.1118234257582065 -0.06321040766611979
 -0.05408420174951206 -0.2285643409091749
 -0.2219313099542011 -0.3025894226447761
 0.3211459562801722 0.3783515775462908
 -0.1870050956658764 -0.005167873834134806
 0.2007714701770444 0.1321448780140659
 -0.1076308715825139 0.08358732133771496



# name: <cell-element>
# type: matrix
# rows: 5
# columns: 21
 -0.3124949605607114 0.4344526469086224 0.06155359660697801 0.003372609541303917 -0.4402788176747158 0.4521147881789349 0.08500397780109947 0.3625983189086889 0.1461965072205947 -0.07116548048489507 0.04497943182230835 0.4547262372593152 0.2518568466709842 -0.4780783831193681 -0.444781262987308 -0.07562351221731872 0.1703614515219425 -0.3626299794136763 0.4393517030933218 0.1482568484278839 0.2120763853502677
 0.268913912850435 0.2921514231999746 -0.1083869528201396 -0.1597679020620064 -0.04559923469417543 -0.186582665389719 0.0347534744572755 -0.1175011708833566 0.1647716392025006 0.137156038861679 0.05589419236043724 -0.2366757750448447 0.1647356299566205 -0.240285845844855 -0.2360920213157786 -0.2101294626781011 0.2006105427717519 0.4338023262238282 -0.410301185538289 -0.06084247976687424 0.2891900249403819
 0.40692302512571 0.1168917866940613 0.1890537153319616 0.3718270656575933 0.0425023627553377 -0.4144371313871375 0.4426855033801537 -0.06095001634637393 -0.1935433617933222 0.1810217656830365 -0.2271638738053479 -0.131166471486237 -0.4626355921788483 -0.4729868171856491 -0.2322109530571438 -0.402330487837517 -0.1810665071939645 -0.00979708973135246 -0.08373077170910853 0.1140039302250058 -0.4782595282648901
 0.4568916181854903 -0.1615428910971724 0.03203023045953612 0.2901152188726654 0.2398059892232742 -0.1511380554624095 0.1289514995353209 0.02243296007794093 -0.03991485435338832 -0.1606759679154541 -0.1769814935671206 -0.2951376364263168 0.2096654877802615 0.1773234413428337 -0.4810911064581886 -0.1713398684898841 0.06433123275291452 -0.3594491187381266 -0.4485443915484456 -0.2491828499437932 0.2976942096099381
 -0.07817192089999142 0.4563629915215601 -0.1242282413143642 0.399557555732713 0.02720361400520299 0.1313541252549886 -0.3111008189193564 0.4219400770294744 0.06423791891136155 -0.1705011782720792 0.07234280436029294 -0.428945683952836 -0.2084865653006404 0.122681627167978 0.359897418876587 0.2565979478826879 0.4059437792374413 0.4903581832007989 -0.1841715335970771 -0.4197979784058016 -0.06605758550813795



# name: <cell-element>
# type: matrix
# rows: 1
# columns: 6
 0.08655311932439269 -0.01299443500537417 0.05036714946904031 -0.06100202859723886 0.1520171706219641 -0.275532445483597





